%YAML:1.0
---
FPS: 5.4712927960010538e-01
