%YAML:1.0
---
FPS: 1.5484973299217666e-01
