%YAML:1.0
---
FPS: 3.6282765335256045e-01
