%YAML:1.0
---
homographyMatrix: !!opencv-matrix
   rows: 3
   cols: 3
   dt: d
   data: [ 2.4696290344328258e+00, -1.3532238156221280e-01,
       -1.2786915333033037e+03, 4.0057333734377887e-01,
       2.0196881644733518e+00, -7.0228715474871910e+02,
       6.3080999945938827e-04, -1.9620769808038999e-04, 1. ]
