%YAML:1.0
---
homographyMatrix: !!opencv-matrix
   rows: 3
   cols: 3
   dt: d
   data: [ 1.3366490663609099e+00, -2.7221288386607013e-02,
       -6.2885832191161387e+02, 1.5248404947540611e-01,
       1.3390516624297728e+00, -3.7425367044390828e+02,
       -5.5534239304082152e-05, -2.1309329960305778e-05, 1. ]
